  0
 15  10  21  20  15   5   2   0
  1   2   3  22  24  27  10   1   0
  2   2   6   8   4   4   1   1   1   1   0
  2   2   1   1   2   1   0
  0
  3  18  15   4   3   1   0
  1  47  41  41  57  40  40  19  11   6   3   0
  0
  1   5  19  15   6   3   3   3   1   0
  0
 15  10  21  20  15   5   2   0
  1   2   3  22  24  27  10   1   0
  2   2   6   8   4   4   1   1   1   1   0
  2   2   1   1   2   1   0
  0
  3  18  15   4   3   1   0
  1  47  41  41  57  40  40  19  11   6   3   0
  0
  1   5  19  15   6   3   3   3   1   0
